$ANSIBLE_VAULT;1.2;AES256;prod
62663434633466363863376637363839326566626666613066336430653330323137346461373762
6335326338373430343836643433393837623262663765650a376232333962343238336537356434
33663830316466636665386131616335653031653061363437666161363864623461633438646664
3538373031656363350a383931336665323264316532383230623633613864303333326436653537
63306563383666303238616133643734663565353531633833653866613966613039616130623265
62653061326330613764396161633265383031393862363166626662393264633934643936343361
31616634313932376161373764396435383961336134636264613963326364366532643330616536
30643665396636386465656366623632313332626130333131656534633533356165313230666365
39313535613436396236383833383536386333306265656433356538616333633136343430346134
66303438663762366662613934643463316633636465613364376236353832643336333034366636
63643864656439323265333537663562333036316139353764633164363334353565653534323164
32396363306163356262363464353033613030306165386565316239636236333132613161646361
32313065396565376463646637643536636163366661396238323061356165383164383830313563
31653838666334393261623137303330356536663865396461333630643731323566643931356137
35306262363930323863636434366536643861663164336534396461383631323830393936643139
62373065333335383537636632333832613162646432653938356233656363343330656564393732
31303364393461316538396137303661326530656139656438356435376365346464643833343765
65366630333134636265623666303434653232666361316137666366666161323639346132306662
39663931616162303762643634646563663939626365373166656237393366393534616366363037
31646336306232306432303032636436643166653137343734613237653762356562356139303236
63326231396337313131356531623465613162393862316238346166313130646139646664623632
62313766313539666437366134343164636138646135613534373938343063343163306136626165
34616134353861666266613338653836666263313532373538326264363932613961653336613566
64316435653137636262663663653464326161336236663234376364616132333731343638323637
35663433303062366263633637306264346561646139666136623632386465666633343961356461
62646136633838373234653066623431656431313432316364636439626531613563343237613337
32353634613835383132396630363736626532303538353338383837386631656633363337613965
61393861326366336562356335353338626339616466303366633633366332643132353365653335
35386535333062353965353462613030333165656130326430626161386363363232333363316630
65323164353036366266353564383966663466343331316537616330656265303834376339356365
65393838623861386235323362303432386139623332663862323664666463373433353862616132
30646339356430346139313464313130646264633965643730323238376464653662346362346237
33653939363164376233646231336337623332663639303162613162643939386639653531613363
62373562623463376633366562363461366165636633396131393232656465313035396666663863
30336365353835663235316235356263626132316537333234393362636565386130633438643563
35633662346237376236306463666562333238393332353064313737393534303766656438396563
63656132636363393436306132386537303361616461326431643865373031643163663630343434
38373430333364336530353566646334306136336266333064616137663566626464616666366437
66646437326161383262326231346531336466386661383331623266363138326437623439346464
62373964356161633838336665626333353562346636393531353436323061366463616666323636
66376161663861373331393364633462386165636533663839363161636236383662323836363539
39316163333363336436353663666265633466353961356663646663666638616234356531383034
63633131653839333438363137616161323362393639333038646463323366303238333963353766
36633365376233356135623932323165346234363766663533376462653332353465363161396334
33646537393939626662316332373634346133613261303665323832303463643061613737636633
36373834636534636362613632363634363363363535636264613164353466313438613132386436
66303265363133633231383730366133393433633964373334363362333037663136343937613235
64366337313132373366316338363239626231353534613937646233313734333631383163383564
62613962383065343064343333663937643135366230616536353932323261363662386538643562
35333136666562366465633634613339613266343064336565666632303636306163633037313038
30346534373563633661336138373764376131633539613137653433366635613233353037396361
30313639663131396331636136396537323663393335663361373036623161633661336434653133
35666662323364613762613466353433653862633263386639313231363165363166313232633330
63323937623461316131653332373462323433373465643466373335383937623264333436613338
33616334333333363762323330663335626231336435666565653730653639343635376563326633
35383037336635396663386561643637303639373162633237353637316365356538663031336535
65343937313032346333666133366661613032316266633765393830663232376533393633313237
31333634333633623066356661643730643761333762393462303736303563323135656136666639
39333134636332353434303238343133323934356161663939396332616665646162626461353539
37666634626364373932653262636337636633653130396531303961343864303030323333393332
61336664323761393131326538623830306163303834396163353338646265316466636635323838
30633961373031366135333863343662623135633930653534396232366335316638383433383336
38656666666365393933303163303133306236623333646230613066633264666639366561376566
63323239633866366430663661343162323766626665353932333461323830666139373130336630
39623331356134623139613737643763336433323331646663366165646263313937613464626333
66353832663131633765303166333862643737383562663236653461353737666432353633366338
36643339363066343333613266616532663336633232353961316230393539656364613439306336
33646330343665326137316239383434396434353061366662636535653563616431383362353731
39336437376163376263666466656363326665336664326134343433383763653039383961363765
62656231313739663637653066613934623335396462353765643137303465636136616539353238
39303335323766616666333437356639323165643732653533363066643236346464333365393263
62636432653434366236343434663338633566663761313035356134613665376565623963623534
38393332353035663936336138666233656232383032393038636234316132393031623364636135
33653639633465366161393765316437316230313135626662613533626564656532336235363966
39383863643663303435613830396665623562353533383133346266623438653938313833313465
37323230346164383563656531626564313334633264623464346330366564316532323365653030
34373439373864346362383539306339343835646266626234633162656535333933643433366632
37316336353639333061313264356133393935313932343436376636653566323036333464633963
62363339636333336138353432656166376637383634666532323437313939303635376564633666
32303133383861386533333735623236313830623138653038333036346230646236363535323535
39333035303330376564333037633634633839626435623635613563336136623763313162616261
30376534313235313662326131353563376235653161343066366662326665666432613931363939
38383465373564396665656466303963353161353936356332646461353163666463313936646161
62376139643731343965346338393464323939393265313464363535626662313133386435376662
64363164366363363863373665626538343965646437366563316465643539363336636130643330
39616631393639663436313733653530633164323365613832353462313864653666386434643662
36663964343734343637366336383138373765333832633437363737656362336465616666353338
64323263353434333039616439353831623261376235323937383566336464333838393734323634
37343761626564396566343665363634326130633739396437346466643463636634316631333465
32343334613137336233336463653232343337326530366632363034326432336630376335663566
65363139666465373331356135366163333731323735393633323963636662313065623137346466
62363263626330356138383233663462353639306434653735626137623366353264323262383234
38333261333031613863383033623566643435393931616130623865626138376331663634323934
63633165663834633936346134393635326631333038666135653333646133333232313935666530
38306164386539356537343665353361393635313962633232346430353637616439366366383531
30346332306134373133326331333632303838613035313762346439663864333639653734303762
65316438656232303763396337363739343639616436373965313936323366383665666365623961
64333365623031303465353833336266383936643364333162306261386439393163313837306530
62396339326234383963383437303039366564393230366262306635393537336564613235626666
65613639616335623537663136623864653439646136363731666466313730356134653335646564
64623937663962373932396262626535656131323836643337303836616464303031323963366664
61626534316132373337666261313064393535383663303063343465323132336563343466663265
35343334326262323263356337623130333530646435613530336633393062343432346434613134
30646662393931313666346132643435343735376333326463653066386335383631626561383664
64636235313531393466623435623931383863393632313438323036653964366131646530663032
35346234343233613366376565636635623138623036353166363634343466326438356531623336
66643030653465626434323934613535313539336665393339316233626437656666373864336561
66343439396232646537396266656362386431313166363634333565353366366465363634616463
62646637323936323537353464326237636235396337643561386432366666326462343735353931
61323636653031303930666133316465643736336261643832373361653166613337326662656633
62653332313134346462323464666462326365306230353462633461633062396265343162663633
31366635316263313663646461343133636266316436383862333339383733313166633836333961
33346438396436353230376634383133353065623831323163643063363462376564636638303363
36636262396362326131666432623137656632626166346333313037333530646163656134376461
61383532633737386638386136306635366439373831653434653562633766613763323838323535
32316230663862633263613834393731626432303164666463393436616337356633323266323530
34353938633635326161396662666364396635303636656136626335356135643232363136643063
66636237363666643165363964663030356263343764653737326161643963336337636665363631
66643737336264306366663262636230656235303037393433383839636539636131333565633061
64333233306439356130623664303066653934616161373663303434653037623235316563343363
66326436336339343837623964656537636339386435656138303630336666306365653432616238
65636439653666663430303738303630376233353536663338333735353530363064346336313539
30613161326662343338626561653037386431303537613036643933313432643939373037333866
64396634383636623538643134636632353132613866396531313866323966643830393663303539
66316263323436346666343565343039343637623566386337663163333536363464333834343734
34663864343334633966666632323831393666326137333538383538643765323463323565643134
63393361623965373065366533653139383037386636623766313932633531326434316231323333
32316134646637313662643933323033333636656462656365393033653864613837313265666137
36353435653861396634333536303638353135643433366661643831303938323266356362336365
35303165633362323162666163636363386239653765303739633761316161653566366434643864
62376136313665666534373537363932336231306162663865616538346335376264613038343331
34636131373230653138393236383833353639613938306437623637653063346434633538653137
33646232316464353462653735653264363132363763346537646630666164393364353734383364
35303230353361636437366439653339376363666164343266323833323634666465383733343765
66363064353761323262666562393132393564353663396238623936626534663366623662363631
33633965396630343762656130666336656439333735656236303364326437323130393436613138
37383839636430626434383333363539386361326533626461363864613134396365396530323238
62363266316338383636623033343330333137393838386365663361313035653366626230353835
663439366135613661653566653465663830
